2
8
16
20
28
28
28
28
40
40
40
40
40
160
176
183
250
250
400
8
8
16
20
20
20
20
20
28
28
28
28
28
28
28
28
28
28
40
40
40
40
40
40
80
80
80
80
80
80
80
80
80
80
80
100
150
160
160
160
160
183
183
200
200
200
200
200
200
200
200
200
240
250
250
250
250
250
250
250
250
250
250
400
400
400
400
400
400
400
800
800
800
800
1000
1000
1000
1000
1000
1000
1000
1000
1200
1600
2700
2700
2
2
2
8
16
16
20
20
20
24
24
25
28
28
28
28
28
33
38
40
40
40
40
40
40
50
50
75
80
80
80
80
100
100
100
100
200
200
250
250
250
250
250
250
250
250
28
2
12
20
24
28
40
50
80
80
160
192
250
400
400
400
50
50
80
100
188
200
220
250
500
1000
28
28
35
35
80
100
20
24
28
40
40
80
80
80
100
173
250
500
2000
2
2
8
12
16
20
20
20
28
28
28
28
28
40
40
40
40
40
40
40
40
40
40
40
40
50
50
50
50
50
50
60
80
80
80
80
80
80
100
100
100
100
100
100
100
100
125
184
200
200
200
200
200
250
250
250
250
250
250
250
250
250
250
320
400
750
800
800
800
2700
2700
2700
2700
2700
2700
2700
2700
2
4
4
16
20
20
25
28
28
28
40
40
40
40
40
40
50
50
80
80
80
100
100
100
100
100
100
147
150
191
200
200
200
250
250
250
250
250
250
250
400
400
400
400
400
500
800
1000
2000
2700
2700
16
50
50
50
50
50
50
50
50
50
100
100
100
250
28
8
20
20
20
20
25
28
28
28
28
40
40
40
40
40
50
50
75
80
80
80
80
80
80
80
100
100
100
100
147
150
150
150
160
183
200
200
200
200
200
200
250
250
250
250
250
250
250
250
250
250
250
250
250
250
250
250
250
250
500
500
1000
1000
2700
2700
20
250
2
4
8
8
8
20
20
20
28
28
28
28
32
32
32
40
40
40
40
40
40
40
40
40
48
60
80
80
80
80
80
80
80
100
100
100
150
160
183
183
183
184
200
200
200
250
250
250
250
250
250
250
300
400
480
500
500
500
500
2700
28
28
80
400
4
16
20
20
20
20
28
28
28
28
28
28
40
40
40
52
56
80
80
84
100
100
120
184
250
250
250
320
325
800
2000
2700
2
2
2
8
8
12
16
16
20
20
20
20
20
20
20
20
20
25
25
28
28
36
36
40
40
40
40
40
40
40
40
40
40
40
40
50
50
50
50
80
80
80
80
80
80
80
80
80
80
80
80
80
80
80
80
80
80
80
80
80
84
85
88
100
100
100
100
100
100
100
100
100
100
100
104
111
146
160
160
160
160
164
200
200
200
200
200
200
200
200
200
200
200
208
224
240
240
250
250
250
250
250
250
250
250
250
250
250
250
250
250
250
250
250
250
250
250
250
252
292
320
400
400
400
400
400
400
400
400
400
400
500
500
500
600
800
800
800
800
800
800
800
1000
1000
1000
1000
1000
1000
1000
1000
1600
1600
1968
2000
2000
2100
2700
2700
2700
2700
2700
2700
2
2
2
2
2
2
8
8
8
8
16
16
16
20
20
20
20
20
20
24
24
24
25
25
25
25
25
28
28
28
28
28
28
28
28
28
28
28
28
28
28
28
32
32
35
40
40
40
40
40
40
40
40
40
40
40
40
40
44
48
48
48
48
50
50
60
60
75
75
75
75
80
80
80
80
80
80
80
80
80
80
80
80
80
80
80
80
80
80
80
80
80
80
80
80
88
100
100
100
100
100
100
100
128
146
146
147
147
160
160
160
160
160
183
184
200
200
200
200
200
200
200
200
200
200
240
250
250
250
250
250
250
250
300
320
325
400
400
400
500
800
800
800
800
800
1000
1000
1000
1000
1000
1600
2700
2700
2700
2700
2
4
4
8
8
8
16
16
16
16
16
16
20
20
20
20
20
25
28
28
28
28
28
28
28
28
32
32
32
40
40
40
40
40
40
40
40
40
50
50
75
75
75
80
80
80
80
80
80
80
80
96
100
100
100
101
150
200
200
200
200
200
200
200
235
240
250
250
250
250
250
250
400
400
500
1000
1000
1200
16
80
100
100
200
200
233
250
400
1000
2
4
7
16
16
16
16
20
20
20
20
20
20
20
20
28
28
28
28
28
28
28
28
28
28
28
28
28
32
35
36
40
40
40
40
40
40
40
40
40
40
40
40
50
50
75
75
80
80
80
80
80
80
80
80
80
80
80
80
80
80
80
80
80
80
80
80
80
84
84
90
100
100
100
100
100
100
100
100
100
120
140
140
160
160
184
200
200
200
200
200
200
200
200
200
200
240
250
250
250
250
250
250
250
250
250
250
250
250
340
360
400
400
400
400
400
400
400
400
400
400
400
400
500
500
500
800
800
800
800
1000
2635
2700
2
2
4
4
8
8
8
8
8
8
12
16
16
20
20
20
20
24
24
24
25
25
25
25
25
28
28
28
28
28
28
28
28
28
28
28
28
28
28
28
28
28
28
28
28
28
28
35
40
40
40
40
40
40
40
40
40
40
40
40
40
40
40
40
40
40
40
40
50
50
50
50
50
50
50
60
60
75
80
80
80
80
80
80
80
80
80
80
80
80
80
80
80
80
100
100
100
100
100
100
100
120
120
120
140
160
200
200
200
200
200
225
250
250
250
250
250
320
400
500
500
500
800
800
1000
1000
2000
2620
2700
2700
2
4
6
8
8
8
12
12
16
16
16
16
16
20
20
20
20
20
20
20
20
20
20
20
20
20
24
24
24
24
24
24
24
28
28
28
28
28
28
28
28
28
28
28
28
28
28
28
28
28
28
28
28
28
28
40
40
40
40
40
40
40
40
40
40
40
40
40
40
40
40
40
40
40
40
40
44
48
56
56
60
60
80
80
80
80
80
80
80
80
80
80
80
80
96
100
100
100
100
100
100
100
100
100
100
100
120
160
200
250
250
250
250
250
250
2
2
2
2
2
2
2
4
4
8
8
12
12
16
16
16
16
16
16
16
16
20
20
20
20
20
20
20
20
20
20
20
24
25
28
28
28
28
28
28
28
28
28
28
28
28
28
28
28
28
28
28
28
28
40
40
40
40
40
40
40
40
40
40
40
40
40
44
50
50
50
56
80
80
80
80
80
80
80
80
80
80
80
80
80
80
80
80
88
95
96
100
100
100
100
100
100
100
100
100
100
100
100
120
150
160
184
200
200
200
200
200
200
200
200
240
250
250
250
250
250
250
250
250
250
250
250
250
250
250
250
250
250
250
250
250
250
250
300
400
400
400
400
400
800
2
2
8
8
8
8
8
16
16
20
20
20
20
20
20
20
22
24
25
28
28
28
28
28
28
28
28
28
28
28
28
28
32
32
32
40
40
40
40
40
40
40
40
40
40
40
40
40
40
48
50
50
60
64
64
80
80
80
80
80
80
80
88
96
100
100
100
100
108
118
120
125
125
131
147
160
160
174
200
200
200
200
250
250
250
250
250
250
250
300
400
400
400
400
400
400
500
2700
2700
2
4
8
8
8
16
20
20
20
20
20
20
20
20
20
25
28
28
28
28
28
28
28
28
28
28
28
28
28
28
28
28
28
28
28
32
32
35
35
40
40
40
40
40
40
40
40
40
40
40
40
40
40
40
40
40
40
48
50
50
50
72
75
80
80
80
80
80
80
80
80
80
80
80
80
80
80
80
80
80
80
80
80
80
80
80
80
80
80
80
80
88
100
100
100
100
100
100
100
100
100
100
100
100
100
100
100
120
120
120
120
120
125
129
132
132
160
160
183
184
200
200
200
200
200
200
200
200
200
200
200
240
250
250
250
250
250
250
250
250
250
250
250
250
250
250
250
250
250
250
250
250
250
250
320
400
400
400
500
500
500
500
500
500
500
800
800
1000
1000
1500
1600
2400
4
4
4
8
8
8
8
8
8
12
16
16
16
16
18
20
20
20
20
20
20
20
20
20
20
20
20
20
20
20
24
24
28
28
28
28
28
28
28
28
28
28
28
28
28
28
28
28
28
28
28
28
28
32
32
32
40
40
40
40
40
40
40
40
40
40
40
40
40
40
44
50
60
60
68
80
80
80
80
80
80
80
80
80
80
80
80
80
80
80
80
80
80
80
80
80
80
80
80
80
80
80
80
84
88
100
100
100
100
100
100
100
100
100
100
120
120
140
140
150
150
160
160
160
160
160
160
160
180
200
200
200
200
200
200
200
200
200
200
200
200
200
200
200
200
240
240
240
250
250
250
250
250
250
250
250
250
250
250
250
250
250
250
250
250
250
250
250
250
250
250
264
264
279
320
320
325
389
400
400
400
400
400
400
400
500
500
500
800
800
800
800
800
1000
1000
1000
1000
1000
1000
1000
1000
28
2
3
14
16
20
20
28
28
28
28
28
28
28
28
28
28
28
28
28
28
28
28
32
33
40
40
40
40
40
40
40
40
40
40
60
80
80
80
80
80
80
80
80
80
80
80
80
80
80
80
80
80
80
84
96
96
96
100
100
100
100
100
100
100
100
100
100
100
100
100
100
100
100
100
100
100
100
100
120
120
120
144
144
147
150
160
160
160
160
200
200
200
200
200
200
200
200
200
200
200
223
250
250
250
250
250
250
250
250
250
250
250
250
250
250
250
250
250
250
250
250
250
320
400
400
400
400
400
400
400
400
400
400
400
500
500
500
640
800
800
800
800
800
800
800
800
800
1000
1000
1000
1000
1000
1000
1000
1000
1000
1000
1000
1000
1000
1500
2000
2667
2700
2700
2700
2700
2700
80
160
250
400
1000
2
2
2
2
2
2
2
8
16
16
20
20
20
20
20
20
20
20
20
24
28
28
28
28
28
28
28
28
28
28
28
28
28
28
28
28
28
28
28
28
28
28
28
32
33
40
40
40
40
40
40
40
40
50
50
50
50
50
60
72
80
80
80
80
80
80
80
80
80
80
80
80
88
88
100
100
100
100
100
100
100
100
100
150
160
200
200
200
200
200
200
200
200
200
200
250
250
250
250
250
250
250
250
250
280
300
400
400
400
400
400
500
500
800
800
800
800
2000
2
80
216
216
400
400
16
20
28
28
100
100
4
16
20
20
20
25
28
28
28
28
28
28
28
28
28
28
28
28
28
28
28
28
28
28
28
28
28
28
28
35
35
40
40
40
40
40
40
40
44
50
75
80
80
80
100
100
100
111
131
146
147
159
160
182
184
200
203
250
250
250
250
250
250
250
250
250
250
336
500
800
1600
2700
2700
8
16
20
28
28
40
40
40
80
80
80
80
80
80
80
80
80
80
80
100
120
160
160
200
200
200
200
200
200
200
240
240
240
240
240
250
250
250
250
250
256
296
296
320
400
400
400
488
500
800
800
800
800
800
1000
1000
2500
2500
2700
2700
2700
2700
2700
5400
2
25
25
40
58
80
80
80
80
160
200
200
200
240
800
1000
2700
2
2
16
20
37
40
58
58
58
58
58
200
200
300
800
800
1000
2700
2
2
4
8
8
8
16
16
20
20
20
20
20
20
24
24
25
28
28
28
28
28
28
28
28
28
28
28
28
32
32
32
33
40
40
40
40
40
40
40
40
40
40
40
40
40
40
40
40
40
40
40
40
40
40
40
40
40
40
40
40
44
44
44
44
48
48
50
50
50
50
58
60
60
68
75
75
80
80
80
80
80
80
80
80
80
80
80
80
80
80
80
80
80
80
80
80
80
80
80
80
80
80
80
80
80
80
80
80
80
80
80
80
80
80
80
80
80
80
85
88
88
100
100
100
100
100
100
100
100
100
100
100
120
120
137
140
147
147
150
150
160
160
160
163
164
164
168
176
184
184
200
200
200
200
200
200
200
200
200
200
200
200
200
200
200
200
200
200
200
200
200
200
200
200
200
200
200
200
200
200
217
219
230
240
240
248
248
250
250
250
250
250
250
250
250
250
250
250
250
250
250
250
250
250
250
250
250
250
250
250
250
250
250
250
250
250
250
250
250
250
250
250
250
250
250
250
250
250
250
250
250
250
250
250
250
250
250
250
280
320
320
320
372
400
400
400
400
400
400
400
400
400
400
400
400
400
400
400
400
400
400
400
400
400
400
400
400
400
400
400
400
400
500
500
500
500
500
500
500
500
500
500
500
540
750
800
800
800
800
800
800
800
800
800
800
800
800
800
800
800
992
992
1000
1000
1000
1000
1000
1000
1000
1000
1000
1000
1000
1200
1820
2000
2160
2632
2700
2700
2700
2700
2700
2700
2700
2700
2700
2700
2700
2700
2700
2700
2700
2700
2700
2700
2700
2700
2700
2700
2700
2700
2700
2700
2700
2700
2700
2700
2700
2700
2700
2700
2700
2700
2700
2700
2700
4
8
20
20
28
40
80
80
80
150
200
200
217
240
240
250
250
250
250
250
320
360
400
400
400
400
400
400
400
480
480
480
480
800
2
16
16
28
28
32
40
40
75
80
80
80
80
100
160
160
200
200
200
200
250
250
400
400
400
400
400
400
500
500
1036
1820
2700
8
16
16
16
20
20
20
20
24
24
25
25
25
25
25
25
25
28
28
28
28
28
28
28
28
35
40
40
40
40
40
40
40
40
40
40
40
50
50
80
80
80
80
80
80
80
80
80
80
80
80
80
80
80
80
80
80
80
80
88
100
100
100
100
100
100
120
128
140
146
147
160
160
160
160
176
184
200
200
200
200
200
200
200
200
220
228
240
240
250
250
250
250
250
250
250
256
320
400
400
400
400
400
400
400
400
400
400
400
400
400
400
400
400
400
400
450
480
500
500
500
500
500
500
600
800
800
800
1000
1000
1000
1000
1000
1000
2000
2700
2700
2700
2700
2
4
8
8
8
10
12
16
16
20
20
20
20
20
24
24
24
24
24
28
28
28
28
28
28
28
28
28
28
28
28
28
28
28
28
28
28
32
32
35
35
38
40
40
40
40
40
40
40
40
40
40
40
40
40
40
40
40
40
40
40
44
50
60
68
80
80
80
80
80
80
80
80
80
80
80
80
80
80
80
80
80
80
80
80
80
84
85
88
100
100
100
100
140
160
160
160
160
160
160
160
180
194
194
200
200
200
200
200
208
208
240
240
240
250
250
250
250
250
250
250
250
250
250
250
250
250
250
250
360
400
400
400
500
500
500
500
700
1000
1000
1000
1000
2700
2
2
2
2
2
2
8
16
16
16
16
16
20
20
20
20
20
20
28
28
28
28
28
28
28
28
28
28
28
32
32
35
36
40
40
40
40
40
40
40
40
40
40
40
40
40
40
40
40
40
40
40
44
50
54
56
60
79
80
80
80
80
80
80
80
80
80
80
80
80
80
80
100
100
100
100
100
100
100
100
100
100
121
126
128
150
150
150
152
160
160
160
160
160
164
200
200
200
200
200
200
200
200
208
232
240
240
240
250
250
250
250
250
250
250
250
250
250
250
250
250
250
250
250
250
250
250
250
250
250
250
250
300
300
320
328
400
400
400
400
400
400
400
500
500
500
500
500
500
500
500
800
1000
8
8
8
16
20
20
60
184
200
250
250
250
1000
2
2
2
5
8
8
8
8
8
8
12
12
16
20
20
20
20
20
20
24
24
25
25
28
28
28
28
28
28
28
28
28
28
32
35
35
40
40
40
40
40
40
40
40
40
40
40
40
40
40
40
40
44
48
48
50
75
80
80
80
80
80
80
80
80
80
80
80
80
80
80
80
80
84
100
100
100
100
100
100
156
160
160
160
160
183
200
200
200
200
200
200
240
240
250
250
250
250
250
250
250
250
250
250
250
250
250
400
400
400
400
400
400
400
400
400
400
400
400
400
400
454
500
500
500
500
500
500
700
800
800
800
800
800
900
1000
1000
1000
1000
1200
1200
1200
2000
2700
2700
2700
2700
4
40
184
1
2
2
2
2
2
2
4
4
4
4
4
8
8
8
8
16
16
16
16
16
16
16
20
20
20
20
20
20
20
20
20
20
24
24
24
24
24
24
28
28
28
28
28
28
28
28
28
28
28
28
28
28
28
28
28
28
28
28
28
28
28
28
28
28
28
28
28
32
36
40
40
40
40
40
40
40
40
40
40
40
40
40
40
40
40
40
40
40
40
40
40
40
40
40
40
40
44
50
50
50
52
54
56
58
75
75
80
80
80
80
80
80
80
80
80
80
80
80
80
80
80
80
80
80
80
80
80
80
80
80
80
80
80
80
80
80
80
80
81
96
100
100
100
100
100
100
117
120
132
140
160
160
160
160
160
160
160
160
163
184
184
200
200
200
200
200
200
200
200
200
200
223
240
240
250
250
250
250
250
250
250
250
250
250
250
250
250
250
250
296
296
296
400
400
400
400
400
400
432
440
500
500
500
500
500
500
800
800
800
800
800
800
800
1000
1000
1000
1000
1000
1000
1040
1900
2700
2700
2700
2700
2700
25
25
50
50
50
50
50
60
75
75
100
126
131
184
250
250
250
400
4
4
8
8
8
12
16
16
16
16
20
20
20
20
20
25
27
28
28
28
28
28
28
28
28
28
28
28
28
40
40
40
40
40
40
40
40
40
40
40
40
40
40
40
50
50
70
75
75
80
80
80
80
80
80
80
80
80
80
80
80
80
80
80
80
88
100
100
100
100
100
100
100
100
100
100
100
100
100
100
100
100
120
120
120
132
147
150
160
160
160
184
184
200
200
200
200
200
200
200
200
200
200
200
200
200
200
200
200
224
240
240
250
250
250
250
250
250
250
250
250
250
250
250
250
250
250
250
250
250
250
250
250
250
250
250
250
250
250
250
250
300
360
400
400
400
400
400
400
400
400
400
400
400
400
500
500
500
500
500
800
800
800
800
1000
2000
2700
2700
2
2
2
4
8
8
8
8
10
16
16
16
16
20
20
20
20
20
20
24
25
25
28
28
28
28
28
28
28
28
28
28
28
28
28
28
32
32
32
32
36
40
40
40
40
40
40
40
40
40
56
56
60
80
80
80
80
80
80
80
80
80
80
80
80
100
100
146
147
150
150
160
160
160
160
160
200
200
200
250
250
250
400
400
400
400
500
500
2
2
4
8
8
16
20
20
20
20
20
20
28
28
28
28
28
28
28
28
28
28
32
35
40
40
40
40
40
40
50
58
64
75
80
80
80
80
80
80
80
80
80
80
80
88
100
100
100
100
100
120
160
160
200
250
250
250
250
250
250
250
500
500
800
28
40
2
2
12
12
12
12
16
16
16
20
20
20
20
20
20
20
20
20
20
20
20
20
20
20
24
24
24
24
24
24
25
25
25
25
28
28
28
28
28
28
28
28
28
28
28
28
28
28
28
28
28
28
28
28
28
28
28
28
28
28
28
28
28
34
40
40
40
40
40
40
40
40
40
40
40
40
40
40
40
40
40
40
40
40
40
40
40
40
40
40
40
40
44
48
60
60
64
80
80
80
80
80
80
80
80
80
80
80
80
80
80
80
92
100
100
100
100
120
200
200
200
200
200
220
250
250
250
250
250
250
250
250
250
320
320
400
400
500
500
800
800
800
800
2
2
2
2
2
2
2
4
8
8
8
8
10
10
10
12
12
12
12
16
16
16
16
16
16
16
20
20
20
20
20
20
20
20
20
20
20
20
20
20
20
24
24
28
28
28
28
28
28
28
28
28
28
28
28
28
28
28
28
28
28
28
28
28
28
28
28
40
40
40
40
40
40
40
40
40
40
40
40
40
40
40
40
40
40
40
40
40
40
44
50
50
54
80
80
80
80
80
80
80
80
80
80
80
80
80
80
80
80
80
80
80
80
80
80
80
100
100
100
100
100
120
120
160
160
160
160
160
184
184
200
200
200
200
250
250
250
250
250
250
250
250
250
250
250
400
400
400
500
500
500
800
800
800
800
800
1000
1000
1000
1000
1200
2700
2
28
40
80
80
80
80
2
2
8
12
16
20
20
20
25
28
28
28
28
28
28
28
28
28
28
35
39
40
40
40
50
58
80
80
80
80
81
100
100
100
100
100
100
100
111
120
184
200
200
200
200
200
250
250
250
250
250
250
250
250
250
250
250
250
250
250
281
300
400
400
500
800
800
1000
